100 100 10000
1 1 338350.000000
1 2 343200.000000
1 3 347852.000000
1 4 352308.000000
1 5 356570.000000
1 6 360640.000000
1 7 364520.000000
1 8 368212.000000
1 9 371718.000000
1 10 375040.000000
1 11 378180.000000
1 12 381140.000000
1 13 383922.000000
1 14 386528.000000
1 15 388960.000000
1 16 391220.000000
1 17 393310.000000
1 18 395232.000000
1 19 396988.000000
1 20 398580.000000
1 21 400010.000000
1 22 401280.000000
1 23 402392.000000
1 24 403348.000000
1 25 404150.000000
1 26 404800.000000
1 27 405300.000000
1 28 405652.000000
1 29 405858.000000
1 30 405920.000000
1 31 405840.000000
1 32 405620.000000
1 33 405262.000000
1 34 404768.000000
1 35 404140.000000
1 36 403380.000000
1 37 402490.000000
1 38 401472.000000
1 39 400328.000000
1 40 399060.000000
1 41 397670.000000
1 42 396160.000000
1 43 394532.000000
1 44 392788.000000
1 45 390930.000000
1 46 388960.000000
1 47 386880.000000
1 48 384692.000000
1 49 382398.000000
1 50 380000.000000
1 51 377500.000000
1 52 374900.000000
1 53 372202.000000
1 54 369408.000000
1 55 366520.000000
1 56 363540.000000
1 57 360470.000000
1 58 357312.000000
1 59 354068.000000
1 60 350740.000000
1 61 347330.000000
1 62 343840.000000
1 63 340272.000000
1 64 336628.000000
1 65 332910.000000
1 66 329120.000000
1 67 325260.000000
1 68 321332.000000
1 69 317338.000000
1 70 313280.000000
1 71 309160.000000
1 72 304980.000000
1 73 300742.000000
1 74 296448.000000
1 75 292100.000000
1 76 287700.000000
1 77 283250.000000
1 78 278752.000000
1 79 274208.000000
1 80 269620.000000
1 81 264990.000000
1 82 260320.000000
1 83 255612.000000
1 84 250868.000000
1 85 246090.000000
1 86 241280.000000
1 87 236440.000000
1 88 231572.000000
1 89 226678.000000
1 90 221760.000000
1 91 216820.000000
1 92 211860.000000
1 93 206882.000000
1 94 201888.000000
1 95 196880.000000
1 96 191860.000000
1 97 186830.000000
1 98 181792.000000
1 99 176748.000000
1 100 171700.000000
2 1 343200.000000
2 2 348150.000000
2 3 352900.000000
2 4 357452.000000
2 5 361808.000000
2 6 365970.000000
2 7 369940.000000
2 8 373720.000000
2 9 377312.000000
2 10 380718.000000
2 11 383940.000000
2 12 386980.000000
2 13 389840.000000
2 14 392522.000000
2 15 395028.000000
2 16 397360.000000
2 17 399520.000000
2 18 401510.000000
2 19 403332.000000
2 20 404988.000000
2 21 406480.000000
2 22 407810.000000
2 23 408980.000000
2 24 409992.000000
2 25 410848.000000
2 26 411550.000000
2 27 412100.000000
2 28 412500.000000
2 29 412752.000000
2 30 412858.000000
2 31 412820.000000
2 32 412640.000000
2 33 412320.000000
2 34 411862.000000
2 35 411268.000000
2 36 410540.000000
2 37 409680.000000
2 38 408690.000000
2 39 407572.000000
2 40 406328.000000
2 41 404960.000000
2 42 403470.000000
2 43 401860.000000
2 44 400132.000000
2 45 398288.000000
2 46 396330.000000
2 47 394260.000000
2 48 392080.000000
2 49 389792.000000
2 50 387398.000000
2 51 384900.000000
2 52 382300.000000
2 53 379600.000000
2 54 376802.000000
2 55 373908.000000
2 56 370920.000000
2 57 367840.000000
2 58 364670.000000
2 59 361412.000000
2 60 358068.000000
2 61 354640.000000
2 62 351130.000000
2 63 347540.000000
2 64 343872.000000
2 65 340128.000000
2 66 336310.000000
2 67 332420.000000
2 68 328460.000000
2 69 324432.000000
2 70 320338.000000
2 71 316180.000000
2 72 311960.000000
2 73 307680.000000
2 74 303342.000000
2 75 298948.000000
2 76 294500.000000
2 77 290000.000000
2 78 285450.000000
2 79 280852.000000
2 80 276208.000000
2 81 271520.000000
2 82 266790.000000
2 83 262020.000000
2 84 257212.000000
2 85 252368.000000
2 86 247490.000000
2 87 242580.000000
2 88 237640.000000
2 89 232672.000000
2 90 227678.000000
2 91 222660.000000
2 92 217620.000000
2 93 212560.000000
2 94 207482.000000
2 95 202388.000000
2 96 197280.000000
2 97 192160.000000
2 98 187030.000000
2 99 181892.000000
2 100 176748.000000
3 1 347852.000000
3 2 352900.000000
3 3 357750.000000
3 4 362400.000000
3 5 366852.000000
3 6 371108.000000
3 7 375170.000000
3 8 379040.000000
3 9 382720.000000
3 10 386212.000000
3 11 389518.000000
3 12 392640.000000
3 13 395580.000000
3 14 398340.000000
3 15 400922.000000
3 16 403328.000000
3 17 405560.000000
3 18 407620.000000
3 19 409510.000000
3 20 411232.000000
3 21 412788.000000
3 22 414180.000000
3 23 415410.000000
3 24 416480.000000
3 25 417392.000000
3 26 418148.000000
3 27 418750.000000
3 28 419200.000000
3 29 419500.000000
3 30 419652.000000
3 31 419658.000000
3 32 419520.000000
3 33 419240.000000
3 34 418820.000000
3 35 418262.000000
3 36 417568.000000
3 37 416740.000000
3 38 415780.000000
3 39 414690.000000
3 40 413472.000000
3 41 412128.000000
3 42 410660.000000
3 43 409070.000000
3 44 407360.000000
3 45 405532.000000
3 46 403588.000000
3 47 401530.000000
3 48 399360.000000
3 49 397080.000000
3 50 394692.000000
3 51 392198.000000
3 52 389600.000000
3 53 386900.000000
3 54 384100.000000
3 55 381202.000000
3 56 378208.000000
3 57 375120.000000
3 58 371940.000000
3 59 368670.000000
3 60 365312.000000
3 61 361868.000000
3 62 358340.000000
3 63 354730.000000
3 64 351040.000000
3 65 347272.000000
3 66 343428.000000
3 67 339510.000000
3 68 335520.000000
3 69 331460.000000
3 70 327332.000000
3 71 323138.000000
3 72 318880.000000
3 73 314560.000000
3 74 310180.000000
3 75 305742.000000
3 76 301248.000000
3 77 296700.000000
3 78 292100.000000
3 79 287450.000000
3 80 282752.000000
3 81 278008.000000
3 82 273220.000000
3 83 268390.000000
3 84 263520.000000
3 85 258612.000000
3 86 253668.000000
3 87 248690.000000
3 88 243680.000000
3 89 238640.000000
3 90 233572.000000
3 91 228478.000000
3 92 223360.000000
3 93 218220.000000
3 94 213060.000000
3 95 207882.000000
3 96 202688.000000
3 97 197480.000000
3 98 192260.000000
3 99 187030.000000
3 100 181792.000000
4 1 352308.000000
4 2 357452.000000
4 3 362400.000000
4 4 367150.000000
4 5 371700.000000
4 6 376052.000000
4 7 380208.000000
4 8 384170.000000
4 9 387940.000000
4 10 391520.000000
4 11 394912.000000
4 12 398118.000000
4 13 401140.000000
4 14 403980.000000
4 15 406640.000000
4 16 409122.000000
4 17 411428.000000
4 18 413560.000000
4 19 415520.000000
4 20 417310.000000
4 21 418932.000000
4 22 420388.000000
4 23 421680.000000
4 24 422810.000000
4 25 423780.000000
4 26 424592.000000
4 27 425248.000000
4 28 425750.000000
4 29 426100.000000
4 30 426300.000000
4 31 426352.000000
4 32 426258.000000
4 33 426020.000000
4 34 425640.000000
4 35 425120.000000
4 36 424462.000000
4 37 423668.000000
4 38 422740.000000
4 39 421680.000000
4 40 420490.000000
4 41 419172.000000
4 42 417728.000000
4 43 416160.000000
4 44 414470.000000
4 45 412660.000000
4 46 410732.000000
4 47 408688.000000
4 48 406530.000000
4 49 404260.000000
4 50 401880.000000
4 51 399392.000000
4 52 396798.000000
4 53 394100.000000
4 54 391300.000000
4 55 388400.000000
4 56 385402.000000
4 57 382308.000000
4 58 379120.000000
4 59 375840.000000
4 60 372470.000000
4 61 369012.000000
4 62 365468.000000
4 63 361840.000000
4 64 358130.000000
4 65 354340.000000
4 66 350472.000000
4 67 346528.000000
4 68 342510.000000
4 69 338420.000000
4 70 334260.000000
4 71 330032.000000
4 72 325738.000000
4 73 321380.000000
4 74 316960.000000
4 75 312480.000000
4 76 307942.000000
4 77 303348.000000
4 78 298700.000000
4 79 294000.000000
4 80 289250.000000
4 81 284452.000000
4 82 279608.000000
4 83 274720.000000
4 84 269790.000000
4 85 264820.000000
4 86 259812.000000
4 87 254768.000000
4 88 249690.000000
4 89 244580.000000
4 90 239440.000000
4 91 234272.000000
4 92 229078.000000
4 93 223860.000000
4 94 218620.000000
4 95 213360.000000
4 96 208082.000000
4 97 202788.000000
4 98 197480.000000
4 99 192160.000000
4 100 186830.000000
5 1 356570.000000
5 2 361808.000000
5 3 366852.000000
5 4 371700.000000
5 5 376350.000000
5 6 380800.000000
5 7 385052.000000
5 8 389108.000000
5 9 392970.000000
5 10 396640.000000
5 11 400120.000000
5 12 403412.000000
5 13 406518.000000
5 14 409440.000000
5 15 412180.000000
5 16 414740.000000
5 17 417122.000000
5 18 419328.000000
5 19 421360.000000
5 20 423220.000000
5 21 424910.000000
5 22 426432.000000
5 23 427788.000000
5 24 428980.000000
5 25 430010.000000
5 26 430880.000000
5 27 431592.000000
5 28 432148.000000
5 29 432550.000000
5 30 432800.000000
5 31 432900.000000
5 32 432852.000000
5 33 432658.000000
5 34 432320.000000
5 35 431840.000000
5 36 431220.000000
5 37 430462.000000
5 38 429568.000000
5 39 428540.000000
5 40 427380.000000
5 41 426090.000000
5 42 424672.000000
5 43 423128.000000
5 44 421460.000000
5 45 419670.000000
5 46 417760.000000
5 47 415732.000000
5 48 413588.000000
5 49 411330.000000
5 50 408960.000000
5 51 406480.000000
5 52 403892.000000
5 53 401198.000000
5 54 398400.000000
5 55 395500.000000
5 56 392500.000000
5 57 389402.000000
5 58 386208.000000
5 59 382920.000000
5 60 379540.000000
5 61 376070.000000
5 62 372512.000000
5 63 368868.000000
5 64 365140.000000
5 65 361330.000000
5 66 357440.000000
5 67 353472.000000
5 68 349428.000000
5 69 345310.000000
5 70 341120.000000
5 71 336860.000000
5 72 332532.000000
5 73 328138.000000
5 74 323680.000000
5 75 319160.000000
5 76 314580.000000
5 77 309942.000000
5 78 305248.000000
5 79 300500.000000
5 80 295700.000000
5 81 290850.000000
5 82 285952.000000
5 83 281008.000000
5 84 276020.000000
5 85 270990.000000
5 86 265920.000000
5 87 260812.000000
5 88 255668.000000
5 89 250490.000000
5 90 245280.000000
5 91 240040.000000
5 92 234772.000000
5 93 229478.000000
5 94 224160.000000
5 95 218820.000000
5 96 213460.000000
5 97 208082.000000
5 98 202688.000000
5 99 197280.000000
5 100 191860.000000
6 1 360640.000000
6 2 365970.000000
6 3 371108.000000
6 4 376052.000000
6 5 380800.000000
6 6 385350.000000
6 7 389700.000000
6 8 393852.000000
6 9 397808.000000
6 10 401570.000000
6 11 405140.000000
6 12 408520.000000
6 13 411712.000000
6 14 414718.000000
6 15 417540.000000
6 16 420180.000000
6 17 422640.000000
6 18 424922.000000
6 19 427028.000000
6 20 428960.000000
6 21 430720.000000
6 22 432310.000000
6 23 433732.000000
6 24 434988.000000
6 25 436080.000000
6 26 437010.000000
6 27 437780.000000
6 28 438392.000000
6 29 438848.000000
6 30 439150.000000
6 31 439300.000000
6 32 439300.000000
6 33 439152.000000
6 34 438858.000000
6 35 438420.000000
6 36 437840.000000
6 37 437120.000000
6 38 436262.000000
6 39 435268.000000
6 40 434140.000000
6 41 432880.000000
6 42 431490.000000
6 43 429972.000000
6 44 428328.000000
6 45 426560.000000
6 46 424670.000000
6 47 422660.000000
6 48 420532.000000
6 49 418288.000000
6 50 415930.000000
6 51 413460.000000
6 52 410880.000000
6 53 408192.000000
6 54 405398.000000
6 55 402500.000000
6 56 399500.000000
6 57 396400.000000
6 58 393202.000000
6 59 389908.000000
6 60 386520.000000
6 61 383040.000000
6 62 379470.000000
6 63 375812.000000
6 64 372068.000000
6 65 368240.000000
6 66 364330.000000
6 67 360340.000000
6 68 356272.000000
6 69 352128.000000
6 70 347910.000000
6 71 343620.000000
6 72 339260.000000
6 73 334832.000000
6 74 330338.000000
6 75 325780.000000
6 76 321160.000000
6 77 316480.000000
6 78 311742.000000
6 79 306948.000000
6 80 302100.000000
6 81 297200.000000
6 82 292250.000000
6 83 287252.000000
6 84 282208.000000
6 85 277120.000000
6 86 271990.000000
6 87 266820.000000
6 88 261612.000000
6 89 256368.000000
6 90 251090.000000
6 91 245780.000000
6 92 240440.000000
6 93 235072.000000
6 94 229678.000000
6 95 224260.000000
6 96 218820.000000
6 97 213360.000000
6 98 207882.000000
6 99 202388.000000
6 100 196880.000000
7 1 364520.000000
7 2 369940.000000
7 3 375170.000000
7 4 380208.000000
7 5 385052.000000
7 6 389700.000000
7 7 394150.000000
7 8 398400.000000
7 9 402452.000000
7 10 406308.000000
7 11 409970.000000
7 12 413440.000000
7 13 416720.000000
7 14 419812.000000
7 15 422718.000000
7 16 425440.000000
7 17 427980.000000
7 18 430340.000000
7 19 432522.000000
7 20 434528.000000
7 21 436360.000000
7 22 438020.000000
7 23 439510.000000
7 24 440832.000000
7 25 441988.000000
7 26 442980.000000
7 27 443810.000000
7 28 444480.000000
7 29 444992.000000
7 30 445348.000000
7 31 445550.000000
7 32 445600.000000
7 33 445500.000000
7 34 445252.000000
7 35 444858.000000
7 36 444320.000000
7 37 443640.000000
7 38 442820.000000
7 39 441862.000000
7 40 440768.000000
7 41 439540.000000
7 42 438180.000000
7 43 436690.000000
7 44 435072.000000
7 45 433328.000000
7 46 431460.000000
7 47 429470.000000
7 48 427360.000000
7 49 425132.000000
7 50 422788.000000
7 51 420330.000000
7 52 417760.000000
7 53 415080.000000
7 54 412292.000000
7 55 409398.000000
7 56 406400.000000
7 57 403300.000000
7 58 400100.000000
7 59 396802.000000
7 60 393408.000000
7 61 389920.000000
7 62 386340.000000
7 63 382670.000000
7 64 378912.000000
7 65 375068.000000
7 66 371140.000000
7 67 367130.000000
7 68 363040.000000
7 69 358872.000000
7 70 354628.000000
7 71 350310.000000
7 72 345920.000000
7 73 341460.000000
7 74 336932.000000
7 75 332338.000000
7 76 327680.000000
7 77 322960.000000
7 78 318180.000000
7 79 313342.000000
7 80 308448.000000
7 81 303500.000000
7 82 298500.000000
7 83 293450.000000
7 84 288352.000000
7 85 283208.000000
7 86 278020.000000
7 87 272790.000000
7 88 267520.000000
7 89 262212.000000
7 90 256868.000000
7 91 251490.000000
7 92 246080.000000
7 93 240640.000000
7 94 235172.000000
7 95 229678.000000
7 96 224160.000000
7 97 218620.000000
7 98 213060.000000
7 99 207482.000000
7 100 201888.000000
8 1 368212.000000
8 2 373720.000000
8 3 379040.000000
8 4 384170.000000
8 5 389108.000000
8 6 393852.000000
8 7 398400.000000
8 8 402750.000000
8 9 406900.000000
8 10 410852.000000
8 11 414608.000000
8 12 418170.000000
8 13 421540.000000
8 14 424720.000000
8 15 427712.000000
8 16 430518.000000
8 17 433140.000000
8 18 435580.000000
8 19 437840.000000
8 20 439922.000000
8 21 441828.000000
8 22 443560.000000
8 23 445120.000000
8 24 446510.000000
8 25 447732.000000
8 26 448788.000000
8 27 449680.000000
8 28 450410.000000
8 29 450980.000000
8 30 451392.000000
8 31 451648.000000
8 32 451750.000000
8 33 451700.000000
8 34 451500.000000
8 35 451152.000000
8 36 450658.000000
8 37 450020.000000
8 38 449240.000000
8 39 448320.000000
8 40 447262.000000
8 41 446068.000000
8 42 444740.000000
8 43 443280.000000
8 44 441690.000000
8 45 439972.000000
8 46 438128.000000
8 47 436160.000000
8 48 434070.000000
8 49 431860.000000
8 50 429532.000000
8 51 427088.000000
8 52 424530.000000
8 53 421860.000000
8 54 419080.000000
8 55 416192.000000
8 56 413198.000000
8 57 410100.000000
8 58 406900.000000
8 59 403600.000000
8 60 400202.000000
8 61 396708.000000
8 62 393120.000000
8 63 389440.000000
8 64 385670.000000
8 65 381812.000000
8 66 377868.000000
8 67 373840.000000
8 68 369730.000000
8 69 365540.000000
8 70 361272.000000
8 71 356928.000000
8 72 352510.000000
8 73 348020.000000
8 74 343460.000000
8 75 338832.000000
8 76 334138.000000
8 77 329380.000000
8 78 324560.000000
8 79 319680.000000
8 80 314742.000000
8 81 309748.000000
8 82 304700.000000
8 83 299600.000000
8 84 294450.000000
8 85 289252.000000
8 86 284008.000000
8 87 278720.000000
8 88 273390.000000
8 89 268020.000000
8 90 262612.000000
8 91 257168.000000
8 92 251690.000000
8 93 246180.000000
8 94 240640.000000
8 95 235072.000000
8 96 229478.000000
8 97 223860.000000
8 98 218220.000000
8 99 212560.000000
8 100 206882.000000
9 1 371718.000000
9 2 377312.000000
9 3 382720.000000
9 4 387940.000000
9 5 392970.000000
9 6 397808.000000
9 7 402452.000000
9 8 406900.000000
9 9 411150.000000
9 10 415200.000000
9 11 419052.000000
9 12 422708.000000
9 13 426170.000000
9 14 429440.000000
9 15 432520.000000
9 16 435412.000000
9 17 438118.000000
9 18 440640.000000
9 19 442980.000000
9 20 445140.000000
9 21 447122.000000
9 22 448928.000000
9 23 450560.000000
9 24 452020.000000
9 25 453310.000000
9 26 454432.000000
9 27 455388.000000
9 28 456180.000000
9 29 456810.000000
9 30 457280.000000
9 31 457592.000000
9 32 457748.000000
9 33 457750.000000
9 34 457600.000000
9 35 457300.000000
9 36 456852.000000
9 37 456258.000000
9 38 455520.000000
9 39 454640.000000
9 40 453620.000000
9 41 452462.000000
9 42 451168.000000
9 43 449740.000000
9 44 448180.000000
9 45 446490.000000
9 46 444672.000000
9 47 442728.000000
9 48 440660.000000
9 49 438470.000000
9 50 436160.000000
9 51 433732.000000
9 52 431188.000000
9 53 428530.000000
9 54 425760.000000
9 55 422880.000000
9 56 419892.000000
9 57 416798.000000
9 58 413600.000000
9 59 410300.000000
9 60 406900.000000
9 61 403402.000000
9 62 399808.000000
9 63 396120.000000
9 64 392340.000000
9 65 388470.000000
9 66 384512.000000
9 67 380468.000000
9 68 376340.000000
9 69 372130.000000
9 70 367840.000000
9 71 363472.000000
9 72 359028.000000
9 73 354510.000000
9 74 349920.000000
9 75 345260.000000
9 76 340532.000000
9 77 335738.000000
9 78 330880.000000
9 79 325960.000000
9 80 320980.000000
9 81 315942.000000
9 82 310848.000000
9 83 305700.000000
9 84 300500.000000
9 85 295250.000000
9 86 289952.000000
9 87 284608.000000
9 88 279220.000000
9 89 273790.000000
9 90 268320.000000
9 91 262812.000000
9 92 257268.000000
9 93 251690.000000
9 94 246080.000000
9 95 240440.000000
9 96 234772.000000
9 97 229078.000000
9 98 223360.000000
9 99 217620.000000
9 100 211860.000000
10 1 375040.000000
10 2 380718.000000
10 3 386212.000000
10 4 391520.000000
10 5 396640.000000
10 6 401570.000000
10 7 406308.000000
10 8 410852.000000
10 9 415200.000000
10 10 419350.000000
10 11 423300.000000
10 12 427052.000000
10 13 430608.000000
10 14 433970.000000
10 15 437140.000000
10 16 440120.000000
10 17 442912.000000
10 18 445518.000000
10 19 447940.000000
10 20 450180.000000
10 21 452240.000000
10 22 454122.000000
10 23 455828.000000
10 24 457360.000000
10 25 458720.000000
10 26 459910.000000
10 27 460932.000000
10 28 461788.000000
10 29 462480.000000
10 30 463010.000000
10 31 463380.000000
10 32 463592.000000
10 33 463648.000000
10 34 463550.000000
10 35 463300.000000
10 36 462900.000000
10 37 462352.000000
10 38 461658.000000
10 39 460820.000000
10 40 459840.000000
10 41 458720.000000
10 42 457462.000000
10 43 456068.000000
10 44 454540.000000
10 45 452880.000000
10 46 451090.000000
10 47 449172.000000
10 48 447128.000000
10 49 444960.000000
10 50 442670.000000
10 51 440260.000000
10 52 437732.000000
10 53 435088.000000
10 54 432330.000000
10 55 429460.000000
10 56 426480.000000
10 57 423392.000000
10 58 420198.000000
10 59 416900.000000
10 60 413500.000000
10 61 410000.000000
10 62 406402.000000
10 63 402708.000000
10 64 398920.000000
10 65 395040.000000
10 66 391070.000000
10 67 387012.000000
10 68 382868.000000
10 69 378640.000000
10 70 374330.000000
10 71 369940.000000
10 72 365472.000000
10 73 360928.000000
10 74 356310.000000
10 75 351620.000000
10 76 346860.000000
10 77 342032.000000
10 78 337138.000000
10 79 332180.000000
10 80 327160.000000
10 81 322080.000000
10 82 316942.000000
10 83 311748.000000
10 84 306500.000000
10 85 301200.000000
10 86 295850.000000
10 87 290452.000000
10 88 285008.000000
10 89 279520.000000
10 90 273990.000000
10 91 268420.000000
10 92 262812.000000
10 93 257168.000000
10 94 251490.000000
10 95 245780.000000
10 96 240040.000000
10 97 234272.000000
10 98 228478.000000
10 99 222660.000000
10 100 216820.000000
11 1 378180.000000
11 2 383940.000000
11 3 389518.000000
11 4 394912.000000
11 5 400120.000000
11 6 405140.000000
11 7 409970.000000
11 8 414608.000000
11 9 419052.000000
11 10 423300.000000
11 11 427350.000000
11 12 431200.000000
11 13 434852.000000
11 14 438308.000000
11 15 441570.000000
11 16 444640.000000
11 17 447520.000000
11 18 450212.000000
11 19 452718.000000
11 20 455040.000000
11 21 457180.000000
11 22 459140.000000
11 23 460922.000000
11 24 462528.000000
11 25 463960.000000
11 26 465220.000000
11 27 466310.000000
11 28 467232.000000
11 29 467988.000000
11 30 468580.000000
11 31 469010.000000
11 32 469280.000000
11 33 469392.000000
11 34 469348.000000
11 35 469150.000000
11 36 468800.000000
11 37 468300.000000
11 38 467652.000000
11 39 466858.000000
11 40 465920.000000
11 41 464840.000000
11 42 463620.000000
11 43 462262.000000
11 44 460768.000000
11 45 459140.000000
11 46 457380.000000
11 47 455490.000000
11 48 453472.000000
11 49 451328.000000
11 50 449060.000000
11 51 446670.000000
11 52 444160.000000
11 53 441532.000000
11 54 438788.000000
11 55 435930.000000
11 56 432960.000000
11 57 429880.000000
11 58 426692.000000
11 59 423398.000000
11 60 420000.000000
11 61 416500.000000
11 62 412900.000000
11 63 409202.000000
11 64 405408.000000
11 65 401520.000000
11 66 397540.000000
11 67 393470.000000
11 68 389312.000000
11 69 385068.000000
11 70 380740.000000
11 71 376330.000000
11 72 371840.000000
11 73 367272.000000
11 74 362628.000000
11 75 357910.000000
11 76 353120.000000
11 77 348260.000000
11 78 343332.000000
11 79 338338.000000
11 80 333280.000000
11 81 328160.000000
11 82 322980.000000
11 83 317742.000000
11 84 312448.000000
11 85 307100.000000
11 86 301700.000000
11 87 296250.000000
11 88 290752.000000
11 89 285208.000000
11 90 279620.000000
11 91 273990.000000
11 92 268320.000000
11 93 262612.000000
11 94 256868.000000
11 95 251090.000000
11 96 245280.000000
11 97 239440.000000
11 98 233572.000000
11 99 227678.000000
11 100 221760.000000
12 1 381140.000000
12 2 386980.000000
12 3 392640.000000
12 4 398118.000000
12 5 403412.000000
12 6 408520.000000
12 7 413440.000000
12 8 418170.000000
12 9 422708.000000
12 10 427052.000000
12 11 431200.000000
12 12 435150.000000
12 13 438900.000000
12 14 442452.000000
12 15 445808.000000
12 16 448970.000000
12 17 451940.000000
12 18 454720.000000
12 19 457312.000000
12 20 459718.000000
12 21 461940.000000
12 22 463980.000000
12 23 465840.000000
12 24 467522.000000
12 25 469028.000000
12 26 470360.000000
12 27 471520.000000
12 28 472510.000000
12 29 473332.000000
12 30 473988.000000
12 31 474480.000000
12 32 474810.000000
12 33 474980.000000
12 34 474992.000000
12 35 474848.000000
12 36 474550.000000
12 37 474100.000000
12 38 473500.000000
12 39 472752.000000
12 40 471858.000000
12 41 470820.000000
12 42 469640.000000
12 43 468320.000000
12 44 466862.000000
12 45 465268.000000
12 46 463540.000000
12 47 461680.000000
12 48 459690.000000
12 49 457572.000000
12 50 455328.000000
12 51 452960.000000
12 52 450470.000000
12 53 447860.000000
12 54 445132.000000
12 55 442288.000000
12 56 439330.000000
12 57 436260.000000
12 58 433080.000000
12 59 429792.000000
12 60 426398.000000
12 61 422900.000000
12 62 419300.000000
12 63 415600.000000
12 64 411802.000000
12 65 407908.000000
12 66 403920.000000
12 67 399840.000000
12 68 395670.000000
12 69 391412.000000
12 70 387068.000000
12 71 382640.000000
12 72 378130.000000
12 73 373540.000000
12 74 368872.000000
12 75 364128.000000
12 76 359310.000000
12 77 354420.000000
12 78 349460.000000
12 79 344432.000000
12 80 339338.000000
12 81 334180.000000
12 82 328960.000000
12 83 323680.000000
12 84 318342.000000
12 85 312948.000000
12 86 307500.000000
12 87 302000.000000
12 88 296450.000000
12 89 290852.000000
12 90 285208.000000
12 91 279520.000000
12 92 273790.000000
12 93 268020.000000
12 94 262212.000000
12 95 256368.000000
12 96 250490.000000
12 97 244580.000000
12 98 238640.000000
12 99 232672.000000
12 100 226678.000000
13 1 383922.000000
13 2 389840.000000
13 3 395580.000000
13 4 401140.000000
13 5 406518.000000
13 6 411712.000000
13 7 416720.000000
13 8 421540.000000
13 9 426170.000000
13 10 430608.000000
13 11 434852.000000
13 12 438900.000000
13 13 442750.000000
13 14 446400.000000
13 15 449852.000000
13 16 453108.000000
13 17 456170.000000
13 18 459040.000000
13 19 461720.000000
13 20 464212.000000
13 21 466518.000000
13 22 468640.000000
13 23 470580.000000
13 24 472340.000000
13 25 473922.000000
13 26 475328.000000
13 27 476560.000000
13 28 477620.000000
13 29 478510.000000
13 30 479232.000000
13 31 479788.000000
13 32 480180.000000
13 33 480410.000000
13 34 480480.000000
13 35 480392.000000
13 36 480148.000000
13 37 479750.000000
13 38 479200.000000
13 39 478500.000000
13 40 477652.000000
13 41 476658.000000
13 42 475520.000000
13 43 474240.000000
13 44 472820.000000
13 45 471262.000000
13 46 469568.000000
13 47 467740.000000
13 48 465780.000000
13 49 463690.000000
13 50 461472.000000
13 51 459128.000000
13 52 456660.000000
13 53 454070.000000
13 54 451360.000000
13 55 448532.000000
13 56 445588.000000
13 57 442530.000000
13 58 439360.000000
13 59 436080.000000
13 60 432692.000000
13 61 429198.000000
13 62 425600.000000
13 63 421900.000000
13 64 418100.000000
13 65 414202.000000
13 66 410208.000000
13 67 406120.000000
13 68 401940.000000
13 69 397670.000000
13 70 393312.000000
13 71 388868.000000
13 72 384340.000000
13 73 379730.000000
13 74 375040.000000
13 75 370272.000000
13 76 365428.000000
13 77 360510.000000
13 78 355520.000000
13 79 350460.000000
13 80 345332.000000
13 81 340138.000000
13 82 334880.000000
13 83 329560.000000
13 84 324180.000000
13 85 318742.000000
13 86 313248.000000
13 87 307700.000000
13 88 302100.000000
13 89 296450.000000
13 90 290752.000000
13 91 285008.000000
13 92 279220.000000
13 93 273390.000000
13 94 267520.000000
13 95 261612.000000
13 96 255668.000000
13 97 249690.000000
13 98 243680.000000
13 99 237640.000000
13 100 231572.000000
14 1 386528.000000
14 2 392522.000000
14 3 398340.000000
14 4 403980.000000
14 5 409440.000000
14 6 414718.000000
14 7 419812.000000
14 8 424720.000000
14 9 429440.000000
14 10 433970.000000
14 11 438308.000000
14 12 442452.000000
14 13 446400.000000
14 14 450150.000000
14 15 453700.000000
14 16 457052.000000
14 17 460208.000000
14 18 463170.000000
14 19 465940.000000
14 20 468520.000000
14 21 470912.000000
14 22 473118.000000
14 23 475140.000000
14 24 476980.000000
14 25 478640.000000
14 26 480122.000000
14 27 481428.000000
14 28 482560.000000
14 29 483520.000000
14 30 484310.000000
14 31 484932.000000
14 32 485388.000000
14 33 485680.000000
14 34 485810.000000
14 35 485780.000000
14 36 485592.000000
14 37 485248.000000
14 38 484750.000000
14 39 484100.000000
14 40 483300.000000
14 41 482352.000000
14 42 481258.000000
14 43 480020.000000
14 44 478640.000000
14 45 477120.000000
14 46 475462.000000
14 47 473668.000000
14 48 471740.000000
14 49 469680.000000
14 50 467490.000000
14 51 465172.000000
14 52 462728.000000
14 53 460160.000000
14 54 457470.000000
14 55 454660.000000
14 56 451732.000000
14 57 448688.000000
14 58 445530.000000
14 59 442260.000000
14 60 438880.000000
14 61 435392.000000
14 62 431798.000000
14 63 428100.000000
14 64 424300.000000
14 65 420400.000000
14 66 416402.000000
14 67 412308.000000
14 68 408120.000000
14 69 403840.000000
14 70 399470.000000
14 71 395012.000000
14 72 390468.000000
14 73 385840.000000
14 74 381130.000000
14 75 376340.000000
14 76 371472.000000
14 77 366528.000000
14 78 361510.000000
14 79 356420.000000
14 80 351260.000000
14 81 346032.000000
14 82 340738.000000
14 83 335380.000000
14 84 329960.000000
14 85 324480.000000
14 86 318942.000000
14 87 313348.000000
14 88 307700.000000
14 89 302000.000000
14 90 296250.000000
14 91 290452.000000
14 92 284608.000000
14 93 278720.000000
14 94 272790.000000
14 95 266820.000000
14 96 260812.000000
14 97 254768.000000
14 98 248690.000000
14 99 242580.000000
14 100 236440.000000
15 1 388960.000000
15 2 395028.000000
15 3 400922.000000
15 4 406640.000000
15 5 412180.000000
15 6 417540.000000
15 7 422718.000000
15 8 427712.000000
15 9 432520.000000
15 10 437140.000000
15 11 441570.000000
15 12 445808.000000
15 13 449852.000000
15 14 453700.000000
15 15 457350.000000
15 16 460800.000000
15 17 464052.000000
15 18 467108.000000
15 19 469970.000000
15 20 472640.000000
15 21 475120.000000
15 22 477412.000000
15 23 479518.000000
15 24 481440.000000
15 25 483180.000000
15 26 484740.000000
15 27 486122.000000
15 28 487328.000000
15 29 488360.000000
15 30 489220.000000
15 31 489910.000000
15 32 490432.000000
15 33 490788.000000
15 34 490980.000000
15 35 491010.000000
15 36 490880.000000
15 37 490592.000000
15 38 490148.000000
15 39 489550.000000
15 40 488800.000000
15 41 487900.000000
15 42 486852.000000
15 43 485658.000000
15 44 484320.000000
15 45 482840.000000
15 46 481220.000000
15 47 479462.000000
15 48 477568.000000
15 49 475540.000000
15 50 473380.000000
15 51 471090.000000
15 52 468672.000000
15 53 466128.000000
15 54 463460.000000
15 55 460670.000000
15 56 457760.000000
15 57 454732.000000
15 58 451588.000000
15 59 448330.000000
15 60 444960.000000
15 61 441480.000000
15 62 437892.000000
15 63 434198.000000
15 64 430400.000000
15 65 426500.000000
15 66 422500.000000
15 67 418402.000000
15 68 414208.000000
15 69 409920.000000
15 70 405540.000000
15 71 401070.000000
15 72 396512.000000
15 73 391868.000000
15 74 387140.000000
15 75 382330.000000
15 76 377440.000000
15 77 372472.000000
15 78 367428.000000
15 79 362310.000000
15 80 357120.000000
15 81 351860.000000
15 82 346532.000000
15 83 341138.000000
15 84 335680.000000
15 85 330160.000000
15 86 324580.000000
15 87 318942.000000
15 88 313248.000000
15 89 307500.000000
15 90 301700.000000
15 91 295850.000000
15 92 289952.000000
15 93 284008.000000
15 94 278020.000000
15 95 271990.000000
15 96 265920.000000
15 97 259812.000000
15 98 253668.000000
15 99 247490.000000
15 100 241280.000000
16 1 391220.000000
16 2 397360.000000
16 3 403328.000000
16 4 409122.000000
16 5 414740.000000
16 6 420180.000000
16 7 425440.000000
16 8 430518.000000
16 9 435412.000000
16 10 440120.000000
16 11 444640.000000
16 12 448970.000000
16 13 453108.000000
16 14 457052.000000
16 15 460800.000000
16 16 464350.000000
16 17 467700.000000
16 18 470852.000000
16 19 473808.000000
16 20 476570.000000
16 21 479140.000000
16 22 481520.000000
16 23 483712.000000
16 24 485718.000000
16 25 487540.000000
16 26 489180.000000
16 27 490640.000000
16 28 491922.000000
16 29 493028.000000
16 30 493960.000000
16 31 494720.000000
16 32 495310.000000
16 33 495732.000000
16 34 495988.000000
16 35 496080.000000
16 36 496010.000000
16 37 495780.000000
16 38 495392.000000
16 39 494848.000000
16 40 494150.000000
16 41 493300.000000
16 42 492300.000000
16 43 491152.000000
16 44 489858.000000
16 45 488420.000000
16 46 486840.000000
16 47 485120.000000
16 48 483262.000000
16 49 481268.000000
16 50 479140.000000
16 51 476880.000000
16 52 474490.000000
16 53 471972.000000
16 54 469328.000000
16 55 466560.000000
16 56 463670.000000
16 57 460660.000000
16 58 457532.000000
16 59 454288.000000
16 60 450930.000000
16 61 447460.000000
16 62 443880.000000
16 63 440192.000000
16 64 436398.000000
16 65 432500.000000
16 66 428500.000000
16 67 424400.000000
16 68 420202.000000
16 69 415908.000000
16 70 411520.000000
16 71 407040.000000
16 72 402470.000000
16 73 397812.000000
16 74 393068.000000
16 75 388240.000000
16 76 383330.000000
16 77 378340.000000
16 78 373272.000000
16 79 368128.000000
16 80 362910.000000
16 81 357620.000000
16 82 352260.000000
16 83 346832.000000
16 84 341338.000000
16 85 335780.000000
16 86 330160.000000
16 87 324480.000000
16 88 318742.000000
16 89 312948.000000
16 90 307100.000000
16 91 301200.000000
16 92 295250.000000
16 93 289252.000000
16 94 283208.000000
16 95 277120.000000
16 96 270990.000000
16 97 264820.000000
16 98 258612.000000
16 99 252368.000000
16 100 246090.000000
17 1 393310.000000
17 2 399520.000000
17 3 405560.000000
17 4 411428.000000
17 5 417122.000000
17 6 422640.000000
17 7 427980.000000
17 8 433140.000000
17 9 438118.000000
17 10 442912.000000
17 11 447520.000000
17 12 451940.000000
17 13 456170.000000
17 14 460208.000000
17 15 464052.000000
17 16 467700.000000
17 17 471150.000000
17 18 474400.000000
17 19 477452.000000
17 20 480308.000000
17 21 482970.000000
17 22 485440.000000
17 23 487720.000000
17 24 489812.000000
17 25 491718.000000
17 26 493440.000000
17 27 494980.000000
17 28 496340.000000
17 29 497522.000000
17 30 498528.000000
17 31 499360.000000
17 32 500020.000000
17 33 500510.000000
17 34 500832.000000
17 35 500988.000000
17 36 500980.000000
17 37 500810.000000
17 38 500480.000000
17 39 499992.000000
17 40 499348.000000
17 41 498550.000000
17 42 497600.000000
17 43 496500.000000
17 44 495252.000000
17 45 493858.000000
17 46 492320.000000
17 47 490640.000000
17 48 488820.000000
17 49 486862.000000
17 50 484768.000000
17 51 482540.000000
17 52 480180.000000
17 53 477690.000000
17 54 475072.000000
17 55 472328.000000
17 56 469460.000000
17 57 466470.000000
17 58 463360.000000
17 59 460132.000000
17 60 456788.000000
17 61 453330.000000
17 62 449760.000000
17 63 446080.000000
17 64 442292.000000
17 65 438398.000000
17 66 434400.000000
17 67 430300.000000
17 68 426100.000000
17 69 421802.000000
17 70 417408.000000
17 71 412920.000000
17 72 408340.000000
17 73 403670.000000
17 74 398912.000000
17 75 394068.000000
17 76 389140.000000
17 77 384130.000000
17 78 379040.000000
17 79 373872.000000
17 80 368628.000000
17 81 363310.000000
17 82 357920.000000
17 83 352460.000000
17 84 346932.000000
17 85 341338.000000
17 86 335680.000000
17 87 329960.000000
17 88 324180.000000
17 89 318342.000000
17 90 312448.000000
17 91 306500.000000
17 92 300500.000000
17 93 294450.000000
17 94 288352.000000
17 95 282208.000000
17 96 276020.000000
17 97 269790.000000
17 98 263520.000000
17 99 257212.000000
17 100 250868.000000
18 1 395232.000000
18 2 401510.000000
18 3 407620.000000
18 4 413560.000000
18 5 419328.000000
18 6 424922.000000
18 7 430340.000000
18 8 435580.000000
18 9 440640.000000
18 10 445518.000000
18 11 450212.000000
18 12 454720.000000
18 13 459040.000000
18 14 463170.000000
18 15 467108.000000
18 16 470852.000000
18 17 474400.000000
18 18 477750.000000
18 19 480900.000000
18 20 483852.000000
18 21 486608.000000
18 22 489170.000000
18 23 491540.000000
18 24 493720.000000
18 25 495712.000000
18 26 497518.000000
18 27 499140.000000
18 28 500580.000000
18 29 501840.000000
18 30 502922.000000
18 31 503828.000000
18 32 504560.000000
18 33 505120.000000
18 34 505510.000000
18 35 505732.000000
18 36 505788.000000
18 37 505680.000000
18 38 505410.000000
18 39 504980.000000
18 40 504392.000000
18 41 503648.000000
18 42 502750.000000
18 43 501700.000000
18 44 500500.000000
18 45 499152.000000
18 46 497658.000000
18 47 496020.000000
18 48 494240.000000
18 49 492320.000000
18 50 490262.000000
18 51 488068.000000
18 52 485740.000000
18 53 483280.000000
18 54 480690.000000
18 55 477972.000000
18 56 475128.000000
18 57 472160.000000
18 58 469070.000000
18 59 465860.000000
18 60 462532.000000
18 61 459088.000000
18 62 455530.000000
18 63 451860.000000
18 64 448080.000000
18 65 444192.000000
18 66 440198.000000
18 67 436100.000000
18 68 431900.000000
18 69 427600.000000
18 70 423202.000000
18 71 418708.000000
18 72 414120.000000
18 73 409440.000000
18 74 404670.000000
18 75 399812.000000
18 76 394868.000000
18 77 389840.000000
18 78 384730.000000
18 79 379540.000000
18 80 374272.000000
18 81 368928.000000
18 82 363510.000000
18 83 358020.000000
18 84 352460.000000
18 85 346832.000000
18 86 341138.000000
18 87 335380.000000
18 88 329560.000000
18 89 323680.000000
18 90 317742.000000
18 91 311748.000000
18 92 305700.000000
18 93 299600.000000
18 94 293450.000000
18 95 287252.000000
18 96 281008.000000
18 97 274720.000000
18 98 268390.000000
18 99 262020.000000
18 100 255612.000000
19 1 396988.000000
19 2 403332.000000
19 3 409510.000000
19 4 415520.000000
19 5 421360.000000
19 6 427028.000000
19 7 432522.000000
19 8 437840.000000
19 9 442980.000000
19 10 447940.000000
19 11 452718.000000
19 12 457312.000000
19 13 461720.000000
19 14 465940.000000
19 15 469970.000000
19 16 473808.000000
19 17 477452.000000
19 18 480900.000000
19 19 484150.000000
19 20 487200.000000
19 21 490052.000000
19 22 492708.000000
19 23 495170.000000
19 24 497440.000000
19 25 499520.000000
19 26 501412.000000
19 27 503118.000000
19 28 504640.000000
19 29 505980.000000
19 30 507140.000000
19 31 508122.000000
19 32 508928.000000
19 33 509560.000000
19 34 510020.000000
19 35 510310.000000
19 36 510432.000000
19 37 510388.000000
19 38 510180.000000
19 39 509810.000000
19 40 509280.000000
19 41 508592.000000
19 42 507748.000000
19 43 506750.000000
19 44 505600.000000
19 45 504300.000000
19 46 502852.000000
19 47 501258.000000
19 48 499520.000000
19 49 497640.000000
19 50 495620.000000
19 51 493462.000000
19 52 491168.000000
19 53 488740.000000
19 54 486180.000000
19 55 483490.000000
19 56 480672.000000
19 57 477728.000000
19 58 474660.000000
19 59 471470.000000
19 60 468160.000000
19 61 464732.000000
19 62 461188.000000
19 63 457530.000000
19 64 453760.000000
19 65 449880.000000
19 66 445892.000000
19 67 441798.000000
19 68 437600.000000
19 69 433300.000000
19 70 428900.000000
19 71 424402.000000
19 72 419808.000000
19 73 415120.000000
19 74 410340.000000
19 75 405470.000000
19 76 400512.000000
19 77 395468.000000
19 78 390340.000000
19 79 385130.000000
19 80 379840.000000
19 81 374472.000000
19 82 369028.000000
19 83 363510.000000
19 84 357920.000000
19 85 352260.000000
19 86 346532.000000
19 87 340738.000000
19 88 334880.000000
19 89 328960.000000
19 90 322980.000000
19 91 316942.000000
19 92 310848.000000
19 93 304700.000000
19 94 298500.000000
19 95 292250.000000
19 96 285952.000000
19 97 279608.000000
19 98 273220.000000
19 99 266790.000000
19 100 260320.000000
20 1 398580.000000
20 2 404988.000000
20 3 411232.000000
20 4 417310.000000
20 5 423220.000000
20 6 428960.000000
20 7 434528.000000
20 8 439922.000000
20 9 445140.000000
20 10 450180.000000
20 11 455040.000000
20 12 459718.000000
20 13 464212.000000
20 14 468520.000000
20 15 472640.000000
20 16 476570.000000
20 17 480308.000000
20 18 483852.000000
20 19 487200.000000
20 20 490350.000000
20 21 493300.000000
20 22 496052.000000
20 23 498608.000000
20 24 500970.000000
20 25 503140.000000
20 26 505120.000000
20 27 506912.000000
20 28 508518.000000
20 29 509940.000000
20 30 511180.000000
20 31 512240.000000
20 32 513122.000000
20 33 513828.000000
20 34 514360.000000
20 35 514720.000000
20 36 514910.000000
20 37 514932.000000
20 38 514788.000000
20 39 514480.000000
20 40 514010.000000
20 41 513380.000000
20 42 512592.000000
20 43 511648.000000
20 44 510550.000000
20 45 509300.000000
20 46 507900.000000
20 47 506352.000000
20 48 504658.000000
20 49 502820.000000
20 50 500840.000000
20 51 498720.000000
20 52 496462.000000
20 53 494068.000000
20 54 491540.000000
20 55 488880.000000
20 56 486090.000000
20 57 483172.000000
20 58 480128.000000
20 59 476960.000000
20 60 473670.000000
20 61 470260.000000
20 62 466732.000000
20 63 463088.000000
20 64 459330.000000
20 65 455460.000000
20 66 451480.000000
20 67 447392.000000
20 68 443198.000000
20 69 438900.000000
20 70 434500.000000
20 71 430000.000000
20 72 425402.000000
20 73 420708.000000
20 74 415920.000000
20 75 411040.000000
20 76 406070.000000
20 77 401012.000000
20 78 395868.000000
20 79 390640.000000
20 80 385330.000000
20 81 379940.000000
20 82 374472.000000
20 83 368928.000000
20 84 363310.000000
20 85 357620.000000
20 86 351860.000000
20 87 346032.000000
20 88 340138.000000
20 89 334180.000000
20 90 328160.000000
20 91 322080.000000
20 92 315942.000000
20 93 309748.000000
20 94 303500.000000
20 95 297200.000000
20 96 290850.000000
20 97 284452.000000
20 98 278008.000000
20 99 271520.000000
20 100 264990.000000
21 1 400010.000000
21 2 406480.000000
21 3 412788.000000
21 4 418932.000000
21 5 424910.000000
21 6 430720.000000
21 7 436360.000000
21 8 441828.000000
21 9 447122.000000
21 10 452240.000000
21 11 457180.000000
21 12 461940.000000
21 13 466518.000000
21 14 470912.000000
21 15 475120.000000
21 16 479140.000000
21 17 482970.000000
21 18 486608.000000
21 19 490052.000000
21 20 493300.000000
21 21 496350.000000
21 22 499200.000000
21 23 501852.000000
21 24 504308.000000
21 25 506570.000000
21 26 508640.000000
21 27 510520.000000
21 28 512212.000000
21 29 513718.000000
21 30 515040.000000
21 31 516180.000000
21 32 517140.000000
21 33 517922.000000
21 34 518528.000000
21 35 518960.000000
21 36 519220.000000
21 37 519310.000000
21 38 519232.000000
21 39 518988.000000
21 40 518580.000000
21 41 518010.000000
21 42 517280.000000
21 43 516392.000000
21 44 515348.000000
21 45 514150.000000
21 46 512800.000000
21 47 511300.000000
21 48 509652.000000
21 49 507858.000000
21 50 505920.000000
21 51 503840.000000
21 52 501620.000000
